344007578
21769127
21041611
36128546
162611402
610405075
3766481415
78350811
23786152
321014251
72554903
36756075
53757313
17902401
358478540
49866988
28173550
22843068
138749160
6604072
5763262
26928309
3031071234
23909137
39708680
211800056
19261258
338570232
8571502
117978497
514581535
14173315
27740227
466842502
103760972
30864653
701675826
118764534
1391451
82914761
143224378
19607400
882192152
8729092
21982720
63586621
1059194370
15468275
222532228
15200820
18332190
88130184
10876852
483528697
20632796
304801813
52667504
130649891
35767916
282695161
634734888
81153515
865419601152061445
14150661
13784592
491742198
20899023
295460269
284744099
26805078
14671073
17071845
395592670
1532436380
35664799
835878736071438336
6576492
39374043
334410595
19024627
89504457
10252962
48100887
117180495
70063009
14061640
347894769
31164229
7040932
233129313
11928542
17230018
124298841
1242629850
4790008997
22018221
158865092
43570256
587475293
1042885990145318912
4833842829
1330457336
38642509
564511791
5848412
28176387
118758998
519929414
42871073
25055814
50157605
4830462959
16651754
22536055
1357730509
47703738
15431856
1059801
579393006
526134718
14955908
117846178
104683173
19923638
146085543
872140453
1382451680
18949610
312356858
18286505
22005779
35727191
18989384
22150098
1883882869
1021618544918847490
32398030
159489261
33396486
1055113584521461760
74130577
16003092
38734554
18725026
15653597
2447754798
17718497
25087685
17444573
11148342
578321883
93952799
343029534
2996801
5795572
17243913
63984885
3841828633
13837292
192971881
64571585
518436456
58454625
16973333
1296159786
5360012
86141342
347659323
2097571
23345560
24788399
14980903
27010927
49502657
216444984
20402945
38924070
1463217606
308629841
235196204
855852737895989249
1629244514
266887404
743155992997691392
42551075
34337534
354582942
13875372
19280389
235199096
65045121
108637282
55071058
4799341
14063426
59150378
4040374625
20020647
52847728
19827010
87796216
15243058
2763181319
20536157
14098166
1917731
1022442133
19797784
14437914
30450430
148728976
151903568
212066025
25138463
23121787
19924520
51402853
33554073
49883265
3387373071
17884028
41488578
25309148
40349928
22637974
38267947
19673700
15194242
36359351
473584583
52453477
90997862
18813482
14485062
28972711
1915814874
5120691
237413764
368704228
248331866
114831639
964195927
17416571
79522130
19881931
17060573
265419674
2286029743
19289677
9295212
28370738
236699098
31196202
4532759738
204602310
38188390
479928568
18695382
63004503
246574777
9633802
182825727
86264657
33683579
30690661
28818618
3054218497
59578815
147185197
18909605
217151247
352145373
18806753
31077897
44395060
917734878
504057869
1340700014
14946967
173420124
248774714
16334139
16955991
1613123215
50872927
39585367
116273600
21094888
13496952
36139945
17801749
15155074
65060651
132526702
250393818
19538986
41590595
854958955201679361
14270650
240092062
278694321
151455774
3367659125
312149882
18622869
22483393
107336879
98499376
25065717
46310640
35022573
18697544
414490744
1969493833
15898172
342264512
20950232
2414840258
71256932
27583598
53502240
19870967
433420131
83678340
890891
42343110
37744859
14525489
3188967821
14455829
32534362
163627962
22055291
501738268
22773016
1330351399
20263710
22284074
25610355
56783491
30994528
21506437
2574142259
935533676577861632
26234671
40456106
27927144
11018442
251892709
14267944
85583894
25316673
106517902
14749383
18148466
15853000
14606079
16117029
202367059
80943051
28177043
714816320815149056
22490294
508086493
14190948
20281353
1027355131220840448
36668746
17899109
8965932
16031897
6211972
184517281
295292994
3599121927
2891077949
3187239182
160664621
548384458
165307416
14865439
15039436
46739102
23558813
20150502
14689159
27084414
17435423
54626493
2920118864
169534973
35778810
430286882
15007400
11856422
22053644
19362299
24690038
2393267215
15066760
14608893
316895498
853431390
198507982
48034316
331840254
138045297
272856554
57473192
15098496
248917209
3438066262
1729991012
754556
17393790
70683270
14903013
15545099
426260556
54703405
118501303
17554402
287997544
392041707
769010772991152128
50660534
56416346
81940198
30687904
16505174
374596144
15322803
16382380
296388904
158122818
198977692
214175859
14616784
18144089
18245548
264603297
1905621810
17292143
182959674
181701500
93733494
865685932841750529
235751267
31423761
178999981
11294522
19882533
21760875
93720954
265902729
43187572
251232208
102327566
14885549
14662569
76786636
22601831
55031462
8402052
20108560
457984599
346291763
4819631117
126102466
1508556810
16096416
26585095
28635609
57081338
284838899
19093936
882035074782330881
4492919355
16870853
3060489838
17137891
11203052
50506870
18222599
456318344
57497901
121945106
17732153
612473
10212502
2557841412
14112296
219682445
49153854
466884343
58627585
20258334
14791162
15764644
258970544
439832704
16886925
21587797
212255045
1136203597
6490902
872208946139934720
21009948
58468961
8287602
21112249
9917652
30331850
23651078
57607103
4843189571
16820575
103077936
16422358
14769365
90679076
6904582
40358743
17471979
20620751
262715431
16275499
20729667
21576182
251828203
148980335
443970058
293000786
36578908
428491395
56505125
281545222
52973217
99146390
19230256
22179997
15293352
25053299
702991367425789956
119466953
96889857
285761256
341045866
119758810
223326345
216177858
61892507
2863488598
245407764
2204034272
158769098
25159723
1879831
858750770
18079905
28115321
17590794
26599200
87775422
32693541
32939851
117560361
61520340
456309237
19609861
14629315
348518017
770759
227342532
2367911
24277551
355893317
18713552
42111364
16696384
120964814
17944711
208075668
40336196
581999965
17486092
15995155
15281391
65716459
2855864495
16807528
2903142308
2488541
13492552
527526077
326255267
788185200
24925573
2557592940
148087977
16102815
36667664
44155214
472132412
25387735
19976791
28184604
18045612
60767059
27189557
23028288
589539732
39257389
364089728
2687730977
150042562
18139461
64878074
1630896181
10326732
758689300754075648
48463080
157472457
19892681
2312563609
34238411
15445129
16037486
50329471
16607514
31928413
1072514992367259648
41654654
19498445
2869531
13192972
882331538989494272
245943833
1037037855506411521
26403610
368914992
869738442435031040
330509397
2757304181
1253920526
28144506
117783591
63756959
23625211
828113099576193024
19566653
60101194
1947301
902200087
23609365
25589776
15896379
1380602844
41824898
1449744306
15473958
1295787042
2418470360
2467791
18251414
89358529
40564434
536803783
18746498
33057154
57824414
16582975
14882900
15115280
365084207
261749735
35410424
1130534810
868660022334693376
19790261
30989184
29599598
3462421
85008170
18240655
351935719
19148708
14518714
259387971
179419057
42113117
37437399
114716461
2802128328
66791268
29611918
20225875
757303975
17878322
21431131
19602869
89181456
16685316
17653260
3288015793
621583227
3700525822
20015311
569569550
15458694
472449404
193046098
44714333
14259969
1163427092
238270476
17215802
17505513
16252784
27449758
15162193
4561446194
28535982
287413569
3312122727
146569971
15644999
35865630
10284472
183057172
12524522
940434834631118848
15581925
41823883
15495464
32238490
18291469
774551336
115512512
35733687
2303751216
615927039
60500917
27654119
15446126
127670481
3047174908
3203206193
2713545558
262243319
18956073
49370599
18856867
41251615
22650211
229848310
18804383
44150150
5971922
489925722
7996082
186910317
202394728
226486307
81616245
89820928
1535948779
14412533
14294848
15810778
77062707
85419268
11350892
15962388
1015654496213577728
146540920
20681936
29779226
18742360
77307494
30278532
21342692
11856342
385448694
960187746995392512
753973393
21894959
8839632
852022766
11540172
1341925866
69625014
954430236
114478604
3030901533
954946104071729152
465299066
327668512
767
132187509
69101274
39308549
18494981
281219119
62643312
84194879
57120529
485475104
266402300
166707261
375721095
16211434
283724636
23108081
151595281
247962191
366812553
14592723
59010637
15564022
1197064033
35286737
16715398
1228429394
14262772
91478624
215727295
1397996060
183636302
34117545
3191321
593166568
106113860
1960789190
403179950
1345028863
22814630
51162310
23539150
815505489119379457
493265703
133125220
179256861
15097566
804358
457217006
299734398
269840073
23000618
344225394
23603092
23543685
9084822
119758732
417348542
18931823
18527874
15922214
60748652
34134307
2809712084
44398269
20012204
762362122454044673
22623541
30378179
28346181
18908736
356752859
3159591009
21887420
74880752
2893971
15808647
217102477
251433567
7871702
12794312
2860101
17789365
21336144
23799906
179760789
235207280
15279429
2233601540
18165865
338159612
24934275
141341662
16975428
16356322
278211420
14270878
89553469
184598246
12912562
15933910
27811737
23408887
713839291210792960
19722699
14875084
163582516
52721532
45070836
470503504
16684965
477926650
3379934837
367653449
451868393
282191373
35773039
776269867
2735591
216299334
66395780
14094741
18149467
105179399
16686144
46724483
21870081
16647387
108742237
1041346340
18813379
14164943
101092520
19569136
277058871
216533096
855919451010674689
17093617
943651112489570305
13212632
510450930
325538925
56510427
720373269803589632
11279172
18215165
807095
2245796969
757924497034874880
28562317
13298072
3260518932
263272992
20264905
24704526
20958510
68424715
16381061
30783853
14241786
27949750
554757875
14336682
715196725728661504
953344470656995329
564111558
23772385
909701
387434307
17821827
185640378
8795772
406019929
36986452
4081106480
20710218
46422648
32695795
14111650
270385584
189007673
16929600
38516217
935221516555423744
813780161338441730
832365956697554946
423384542
978401779
15492359
43191430
811735496
31499835
31159284
42405873
14297868
4892625959
15438913
28955739
35281083
115764455
35045870
22511769
860555190
15163466
197962366
19289149
792463963
14282672
739264464453787648
61590297
21895786
2348158413
862395778765131777
14189626
52803520
214132365
706098499121750017
29328903
21119849
40775298
28171178
13674972
22061737
806297
20783
345103046
254664909
31469906
369450549
617853906
1850203651
16043308
132309397
18812572
44691478
15709626
37090417
1007413741
2784476903
25178222
10546442
13604612
14717197
166252256
167382982
34998642
386039522
382798676
45386408
17008726
588507819
54296109
70111948
279780780
973257301
228120105
3108351
22695090
111182379
9549022
23885448
292164590
15434432
23595586
21063822
7517222
546099049
31502708
21972467
45894785
43412258
19290723
17469289
108338399
21894161
167421802
9567972
61750202
1638021792
26554892
70006177
23964755
10649692
75211397
887877908223668225
8736882
241249160
2236537028
506429053
29399437
14730894
3118608961
341251022
2440511442
96863903
278432399
446062101
1130275662
67673600
11680962
240734425
471560358
100267308
667563
23585395
15158464
252149661
14790524
190403384
16247383
85741735
107240573
72628683
92356909
2365901360
14198241
27631532
736782056571731968
14315437
63211028
76212176
20794344
25623134
17810254
18528595
2999158160
816083037331066880
635018270
14476147
22179957
257618318
260907612
412545375
175172282
35413887
3192599228
27214362
545471016
466055902
2234969402
29730065
480664911
377431852
7136302
1172362284
22932887
16510540
16089411
962035526
356436889
16745015
562375188
19720019
14179969
600396426
99079020
14433007
21095472
157078263
21519788
6240732
15501305
751641960
14638983
231183280
58309829
30950136
17479344
20065936
792127335860432896
12480582
549784234
21606690
16174462
988159194191876098
54504398
14179819
23711785
634877232
784508676136660992
308618535
1965889795
21995237
2425151
84535447
1158666440
724870669637410817
15256225
1563005659
364224436
19740592
11952512
22911082
2844280498
3459051
858051
300392950
14266598
2598403180
140484814
896221
70725281
16265742
14180038
22129280
18369812
849629377558188032
41126057
20266489
121574367
63192345
382122392
343283519
119174956
332564562
177788602
1360643605
183133422
62554155
1026449681298206723
24609812
7377812
234863507
49602324
380648579
14504859
34655603
17044207
21419504
19556528
1497
26577824
19843630
18384316
52818430
17451031
20698002
186488293
36511031
3283706630
4463009957
26258900
87016821
222547741
65493023
14463848
73236510
784575415457308672
19777398
300960724
34826262
245437992
312838830
15358759
14205576
50689109
48217544
23962323
58780949
336301927
22976125
499436720
2871557421
600466936
12811952
994293373
16786960
1781551
15349653
1341753876
39155029
881321968301223937
66561957
14980820
770277709872181248
260383857
77532908
19023195
31222715
18424289
914249334237073408
18305931
19165056
90774609
60783724
16468763
21701757
20073589
19808075
2836421
23577254
191290006
15864446
343964272
19084896
386077883
29538979
71401906
23615985
2410453038
172580748
2709128076
1392312805
18823758
78460168
15866174
279270074
14964767
533732403
603025587
1035491
104932955
10717952
14276094
24456175
4620477495
79699691
780045617250897920
301187864
10286782
4119741
16419529
809312
17852894
20019950
5529582
1068700262
14662354
607722976
16348549
3389914540
20267370
32122637
19329306
1042968456
76451973
4799733019
3080761
19509032
222551540
15205798
1225857211
21876836
1216057496
88795943
22996986
27769478
923739247739154433
15743181
5741722
47307465
17635231
818636829859729408
66379182
65414320
15057943
251926039
24060629
17265499
16830572
2912683444
20241519
16243964
361372147
1110086672
3345867783
2298520216
47578715
97474887
14192609
34338674
14336082
142716714
49763705
56381219
18811261
3216031232
22165989
133093395
295338086
44175777
1645663014
15638615
380285402
3022889996
3240021269
343237375
31444922
3002205011
107246517
586
26033708
156374462
117507628
15473413
4797005656
1831831
90613781
2394211768
2154099033
1713816024
19970374
561634788
176215212
928743372
2206395156
16343974
19022242
43339809
106792566
20949830
290005030
163589678
25928253
1685423414
256591329
887105606
16550480
247053098
3246342022
74945137
16089734
16538186
293939227
788524
60108177
7518252
26910853
189252968
770273396483436544
240378928
3198613189
15174710
49756682
79930408
17590505
745362077410164736
1279811228
19409270
17929027
81892285
54904679
619441636
103018203
19160502
509526973
46429680
114863834
42261528
729695199601917953
9727332
14833304
15679641
2557521
18751334
880053592929030145
18148282
31122496
126087729
14703036
494426779
36084926
3380495830
17900130
980831913370939393
147086792
23085284
22641709
148078415
1012089315923513345
17051641
19336940
182945624
368090700
16441758
25581439
180354314
14134823
124586930
18773467
19212009
3047708252
190021256
58529612
73249659
19047089
60992417
166633761
34493436
217506104
2355521964
80703939
524165546
784304
26688109
319117761
388637345
816587197
440959097
16653253
52861612
15458181
256834526
64464510
14813320
573889828
37760426
16440762
10842552
14946736
2690149697
185919857
2425231
16630362
109441019
121490869
475452478
776147860798578688
164322849
156732976
19040598
57682728
56736161
2949831579
3481965513
17052054
15695513
15231287
28984499
887216808
10774652
14957318
142963564
152832239
62601419
24224268
21427807
24807616
37689091
20874888
26074296
1901365496
74231747
834377341736517632
176582574
123035831
82193317
1233871772
31583882
137864547
18863894
15766357
427926709
16958346
93910940
17134268
44243562
450697476
48114547
624367140
56377143
15346572
35842918
28371103
267983085
47015542
49228301
46186400
143227787
249974958
23132068
14216123
15168790
18493147
4291925779
13443342
19407053
116488585
17159397
15029970
4598373560
26784273
2977110796
834505600239226880
232118657
1027466473
1010619798
14177262
190383574
24731098
18127548
3296960367
15527375
27783515
20803125
189474615
235742582
53810108
23575407
2572648312
18653631
121817564
33371149
28603812
54113070
388533373
51143993
163760904
972558848417521664
1291770157
2588163379
20599792
284265377
92375703
14117843
240366906
19631464
32469566
14448173
808506275080204291
29336226
189248614
16383523
66560848
18034656
42987836
36098990
1215830911
23078306
29241776
96173508
191504048
19831310
14147844
30654074
28782750
2386962903
584206727
136361303
24931991
46761152
14869232
176284252
30016081
16672159
834739336797106176
8527372
2497688748
3196826180
798008317411004417
27973318
16191793
15675138
162607416
25605631
121260792
124695351
1941258420
16403943
154902480
59638997
26329195
96899604
20273398
17980523
1003426252752113667
48497136
21662482
18667222
2936355189
243639047
18839937
2833087014
289264257
2417586104
27793626
55355654
14325188
1089237912
424709448
515808892
18248964
14159148
28417631
3382
139496076
17219108
16333796
441020350
57206589
6487292
2803872090
344247780
769870346
841359321988513793
24275419
19418497
1043666462
571202103
441970965
61592079
19766494
405830637
143947826
15439395
95023423
28703779
891013060219068421
19380829
21445580
356909751
22870112
132518138
86002394
87707239
14687193
4296301
461362299
17145442
46589361
523349621
180983308
3227050137
15639642
252751061
24346793
12035532
402851939
916860082012540928
18057459
14517899
40371442
5442642
46403451
972615633769725954
41144996
20451614
19459174
967253994
3226565497
18455693
314907287
195230826
34895713
177584156
18038269
109798805
18957524
1444969537
14141562
14934818
2433959389
385509524
16877530
46511346
714669102
2480391410
14780915
1551269286
24016767
535662990
701536723583369221
20068053
1717234862
15632759
21866939
10260682
17543438
1059778382
187695275
46469082
24744541
20927130
2770255129
371271630
34419095
18165945
434891552
29277396
9834992
1709545670
210911944
15645093
25696189
608546437
4877045733
133769431
21401466
17998609
8962882
16042794
42956737
20701940
39811068
54791458
162571298
21823306
35211413
5988062
19071682
154584937
1434251
14123751
524643600
3782572522
15013823
133456687
106796865
22290224
78361556
144938060
191857258
19034656
17908195
897829904473100288
3403409465
64643056
16374678
142513252
49386956
3011669434
28148979
11299932
888420432113799169
31607580
262452184
81482674
233673515
18644011
160642092
19784333
877972860685385733
16545315
17441447
17692869
98574966
3444040513
586666233
89858807
779587957858639872
223322935
148939398
185809250
576961530
12701412
18167574
6796602
53503202
219180545
19094197
18812301
23993915
269941762
14228300
52413502
45190383
171944288
20567743
13354002
340329688
116857325
93673775
954072202466549760
264257750
1390835672
16661296
18058609
22429979
46116615
11277292
34903365
385580017
30345156
2446313876
3023108448
339998721
627586654
2654427438
772557234383519748
14834340
4571328341
43519478
66877994
20753311
953481220096122881
60841112
39933
1411004539
17846734
25060780
18460612
130707154
2796848710
182503471
7509802
22906929
265707231
137275682
3433649319
272942898
19920360
776442762
14801984
26099610
50515656
168758899
23818581
18707397
19923713
198280512
7586362
462104542
40133958
79863704
779410184
30349066
524511847
76790861
16912124
421923426
20582958
306552378
35028566
109399420
2331088634
347892804
96196608
10342142
349123558
432570714
831768356
69181624
43935910
86344052
755210244377104384
324436261
22099366
24400732
51626263
2727439079
1360187971
194272236
14464766
266773949
43473674
158865339
288454125
2233347469
132734157
22445126
41909613
17793878
16331450
6613972
42389136
17517400
5392522
297590115
40931019
14132853
15862440
1255409684
70593741
16438898
26479918
17789443
1039580290044313610
608473
26996222
960993387733291008
20031103
20351289
17614063
521043027
1877831
15377897
26813097
435487580
627748584
912381330356400128
1900998318
1113247303
1440641
178203295
9831002
14369314
502135911
102926610
14267665
96840423
1237242589
21492467
16510537
39047949
314096482
20192875
1026506174135525377
30261067
438982211
16260506
1634033142
13992132
88740227
215797313