1116190735336968192
2461786866
286236623
49538700
19257498
534641171
34176543
415875795
165988343
56405314
29304837
112236047
19568283
11104682
130617778
7846
15437195
35438327
849476488613310468
3135241
513654617
580312540
5015831
18003520
783214
470012044
127487355
17410730
36730387
151532796
111405086
23871118
26270913
2188700942
599711577
156306739
189542963
84090619
16588580
34113439
10297
90309218
19791524
47947235
17958426
16501420
391647388
33773592
75567037
65051962
6974622
16193222
54294204
15754281
14193714
16193578
16090230
345762803
770286911046823936
291
33177209
309138033
4836620411
16956012
18088038
18236900
442056961
10222282
282382963
29780904
26642006
2157919340
14050550
124826748
8940342
222452046
816653
33427412
55463505
35295161
21836409
972651
157799302
259109644
63612131
488530004
18481113
17596622
223236231
20997251
2896294831
13174832
374772424
16558796
167781199
1622812814
26304266
30288492
13028322
12397052
39377786
48234555
3280805730
157443336
633900194
33064685
27797523
398871577
2970646346
18498703
451641276
18451147
37228652
83668156
2448362101
6480652
4091551984
20005394
1006989537220759552
1055676990060199939
20657163
1968051421
615127940
58601223
5490392
62758291
373538230
48797251
5686152
23960048
6539592
85189114
398942686
729085058
817932060
6017542
1712831
142401418
21057434
126903716
8071902
21780652
2867171664
72968442
294936283
19148225
16711026
64429802
19802667
205302299
38513059
608315409
844611
118541344
18873480
17953904
35017255
15312876
25292802
14993272
190766572
16145772
138401148
125122481
7452872
20251379
108957853
21659166
2319340628
433469758
409446263
442879702
3924259581
29753270
20998647
20090888
79372134
16248319
16824146
333782060
77527412
101858228
264489053
1115874631
19827646
19725981
23285804
1857354134
26607712
289118612
478157338
14602259
127629092
18377827
53209684
59346212
14298769
69091605
8859802
19636948
40062979
296824622
395386243
58970349
4282171
135694644
13857392
195842039
373471064
175378976
959591129107910656
212725714
112924655
355321621
366278311
38541283
8769212
6440202
4898091
20160897
19665244
16425462
14382508
813120559
1305599792
16906137
295819151
520653311
14386730
39517690
478085028
862493306382626818
1073573696135151616
19788830
232901331
991739783541067778
14252246
914793092
16402507
69620713
79186359
116341480
2891050451
357606935
46568625
15300520
15639821
2478381612
28123862
23172966
14304462
39970811
87254612
40519997
7432862
242313837
606895329
3310186280
834430350
586032653
257584644
2440827763
79238164
1613670164
1652541
280716675
20196159
58869555
18676177
930091
1529433804
23369749
37411383
8567882
31013444
119257939
27311044
239931583
24725032
103979352
69059687
25122184
756278
1502258228
90356371
20554517
2683435461
15670515
30947351
19867072
24190981
3819701
14377870
4902181966
65863908
3567111387
14346779
17497382
23853106
758064633265610752
18185339
14293310
14618493
1357963177
1056965750
853725162864300032
31036246
39776268
211321066
16563214
961996333040259077
48478059
125988399
16952739
347653083
379257665
18460854
18201114
19658826
22515362
32382050
148025153
14221327
90089883
5875352
509087927
759371
123309278
50115352
296547096
345519675
18337739
1020058453
21308488
1022251976338366464
1406347537
182655444
130496027
1049239689734115328
20562637
4810737589
21848018
261273433
13436432
317864625
174618314
18755564
3178253260
308642071
367331575
810424
2829090871
29782223
16047907
14213577
14585679
41512685
39885227
540966457
54416215
230096868
18642314
589269098
18371754
35831704
203144854
19772559
585391355
19247844
18028249
94391843
26814841
1513709269
20767246
334988605
28331519
259413949
25217843
81211877
18480451
439071771
15203873
134635689
402414820
16963843
53225826
16076032
948627181
17852343
18363030
924476702
14092590
272505795
2330590446
8343832
14306318
2981840397
605867650
113136762
23092359
47461482
38318054
238079901
87818409
22599841
1404452851
41369172
248390007
15339975
2475893719
30364057
2531156688
7744592
16143507
1332853562
89960693
20729031
16225240
7212562
2701407349
37170886
25845428
2940060830
855541669600665600
489475164
11161852
14500608
23827692
9660482
237845487
27466979
369910023
21007962
64734990
47369493
88107499
87290140
250154062
942221101291245568
26786577
36432879
13493302
20622594
851821818721828865
20076659
125512325
38052518
8859092
2863996955
15518965
19728661
14305399
8771022
15032862
2277723264
976213187304435712
21142033
90665991
8653412
322866225
99016057
14076329
22320989
2367458515
60748366
72073289
15537451
20818801
21268897
5121051
2571434593
64441184
56458774
19705747
918346674
18246335
9164672
10798802
16398939
8192222
21444552
22283928
34160232
732356305961115648
386232168
295852788
28372535
174258905
2566500632
765178700400852992
43641364
7215512
101882097
65174274
17475575
823905
7302282
17232815
16261638
28491923
2663369874
36565914
45652749
159144775
2258218458
570290656
69681766
40828059
830306714
23513252
332966388
59553554
7144422
18656586
25956764
1564733754
193704506
816361770
15853490
3833701
47999705
192244492
870467417247551488
41655044
1348404534
16499533
63013999
14634720
148418872
66369206
2592634077
940184984
275217630
2916305152
7328462
103995846
817386
47817812
38531995
35002876
104374310
50677180
19417492
816812
18879847
343207739
19564719
394216985
41677388
1026765794
14075928
34753358
8820652
1300747778
418
2426698814
141958303
32165470
159190716
35401192
55892939
953977651
14040522
38331159
19803702
18244206
23485648
16887175
73593143
17235069
145479560
21573210
20258912
188647212
169194549
245106818
607272602
370924278
1202595492
260887905
15169907
200184803
16201819
32418351
132389207
536008303
117270375
34322379
14081382
28215139
3351911
2344766821
19667589
5695632
18308751
197448979
18049840
909879719734251521
237627239
45328492
874598714
1695619548
33884545
28859832
5391882
2388177044
1050449930182115331
20161606
1041353138
72991857
13666
119166791
932845046
2702481197
388174749
18131961
30309979
2993337741
22829525
330509973
2172922045
1071101054551552001
13213122
18175886
67211600
783705
14575152
2310432014
831976922406006789
41563087
933130818
151887995
16184358
1005249442725834752
125371737
487736815
16104602
29964571
718272652738170882
26576259
30992877
208796417
6123762
18884857
95823459
15606808
937099050
1067031509490704384
1774391
14205258
209781484
19430999
16180874
121589159
16892299
19248106
34377076
16639736
54302457
985567113300525056
7095342
2202433344
90959399
741941852
8383592
102241771
42300159
37236601
54814840
17869864
8104032
18637420
566825705
110396781
394922895
32501187
473152228
875097217480089600
275686563
14221917
360264947
98192872
1497723546
18040434
541070904
15859039
19619047
2803949562
41141618
21362008
15131310
732746989037752320
47977931
124270313
2995211756
3051447600
188844665
884893452076552192
43230651
39568359
43277804
19593530
2857479956
17041361
19063323
15764001
223339645
27039884
590316679
14354091
1143031
39367703
323116972
54210349
36823
35368976
34634543
46465750
979148077
6108862
62934861
26302021
78393
1651810134
2850785252
126380866
102846283
2689300633
181649469
24440856
1397342508
68598568
264301513
243943328
234253589
15497928
444940567
18357054
3438469581
16814727
16809229
13396002
851526206
450891522
101081645
11744152
10168082
28133800
1205638538
280278860
18653699
730510490
186149186
469194846
22642788
14700316
19827332
1661925181
1001527765869395972
14372486
65506051
35738491
41344923
25965585
11386502
108185917
285113370
309213101
8453452
23484749
328448372
37435412
1056880792750747648
21921447
492991594
15220434
17679727
16632772
85605195
169485963
40076725
7309052
35398758
15488390
218423826
19923144
69409081
16101678
21410529
243721334
42673001
138526099
70205391
25319414
1520415181
28165505
26792275
21735948
26570863
18239392
167155452
341725295
13361922
14124542
18678121
3885866714
74247476
142977623
290201576
116839904
499311662
1126415016
4170491
17636023
464163488
23080244
717313
45074258
93111391
42670114
57328888
256147846
34713362
19383279
18393773
280687650
301907036
25093616
14617758
34665127
222249852
96951800
91942071
17587250
14532122
14217862
15687962
15181355
3240396234
114291028
22393141
48120914
159126465
15976705
1009516238719148032
305708719
85607446
28406157
2275535173
145732525
14710129
3023621
358545917
64643728
106729387
24134009
112736661
328638472
16312576
22176791
15568127
1959173222
821535260
19735580
1446507248
247289875
28259514
20450112
16356935
24036264
107940736
933653423924305920
16303106
104387201
24733117
191162883
897639197212893186
45614792
43109413
21213658
16396588
13796572
541304690
3874772481
161707375
264174173
36252186
431542708
6582782
27384718
1377400458
17461978
287497021
17543615
17547594
206295312
180313122
2398523808
199035556
55246492
720401120
359856634
1939434198
262319404
31156984
61080728
102965285
7624112
1658742745
107191544
204669544
159596151
2569261
57581795
43651920
3857269745
6395222
22423078
17351972
53925101
35289761
3607049712
573918122
109300072
59889953
27331177
204633296
28651713
40684090
175576528
949121116823572480
42217478
19751666
448598995
173992307
195900095
726681414
14345123
14529929
21418186
26018509
2908170952
374160249
70771506
1474373707
67156860
32529497
31127446
16877611
40134589
16641452
116766949
78342190
347934241
21660529
9763482
15012486
15723971
31311757
7313362
52236935
1011507404
746300240
87198553
458968280
54769979
2647893752
933106270768267265
262493882
105305259
80685646
121597316
747137324094468097
15485441
48049415
1355741
16439471
70956612
1343564106
40497211
14677919
47417553
112764971
16715140
18041112
78102678
394020616
76966092
40876316
26006232
30268257
2884771
17719638
19085230
66482863
23834772
1403165784
23267939
28279637
15164565
14468043
18949053
57391600
21295141
316987602
1140451
259817328
25940364
149760844
32340023
17302417
7614292
299381686
14458280
420818421
172443614
634957956
940090229184020481
14505838
28031362
754440729154420736
173945780
16012783
31253881
2734729701
16419140
23812133
39924175
4937061
18691328
63112528
18262639
3863605355
41902655
12886922
15519430
2799670946
33459123
16560657
28107225
1390667377
51844385
27528134
21348764
59342982
1115243064
15638106
62659779
566137233
15900167
28395645
17158140
38679388
353525236
16027904
76097120
156618978
28888320
15675013
33820954
343795459
22175551
21852814
448122835
16096448
18225966
21043159
32906967
2899787986
24855881
7940892
28956867
42040091
172587248
48173196
41197114
29463928
21592972
8861262
89084561
15694286
18382184
15811625
47326671
129924818
40016838
50076513
1707510914
97603801
16477048
246103
15566901
17986973
20281602
166013345
26574283
23664028
30205586
150621230
22407585
195411597
30606946
28154792
262697431
21460496
16402282
19074134
96940113
10636492
125544080
104336143
15569607
370706811
48355898
17222678
17446621
4918213895
155032761
823693976343494656
146115452
17642747
441998843
8477122
69271950
155784594
7117962
41103441
19334875
20690398
110011528
71860801
22896082
1072626890
36540034
25757647
15064572
16806754
74518740
211620426
77608185
1739069570
1054898611593625600
3534571
28785486
17130917
37885587
28333369
18511475
22783783
60983046
182958910
19472585
3236374543
19489239
7518942
259649352
50687788
41509142
31447081
18548184
15135077
115754870
2222391358
1489691
24357823
43047135
192760759
2332922785
47475039
2988544187
980611
30022428
50633388
24924850
40577220
989462077
26020465
52556643
30973
333550831
67835232
60642052
1062776065792323584
14124287
15301179
61206610
85582053
9300262
37947138
982818461595287552
14689197
14368074
235181669
61604858
254590305
3998500096
340686858
15140295
76156485
19480470
19302112
21786618
163535738
105147367
114782468
502185237
43421249
54667280
76435320
168570138
799407224
17400433
16212685
21321887
48834856
358865429
200583835
109080285
978377713013657601
12700662
207392880
50766916
55282163
494301304
73994169
7597712
57693709
221181230
44166798
96716061
17905715
18462157
3389305817
30070994
16981026
71026122
126406217
4278201
8857212
30008146
19066936
156332780
48544385
761954752888463360
51263592
346786137
115597898
85232092
24201942
21880052
5135521
553643731
15649701
18764924
15856971
19834403
39427853
35246373
158237202
69004966
19780938
398829934
31360279
37570179
15946645
64510593
16935292
84183248
2817052218
14245872
15235767
15110357
2581465032
19713521
16331010
23001650
33792634
14550649
39196787
143884479
875789677126602752
1942775803
16175706
214576511
9890492
24670677
14200203
2347049341
128153936
361329018
18873213
96640991
366993926
19099048
82002786
71347566
16246788
87229476
44196397
14575107
332900070
51088952
46516896
16012601
45143744
547819004
92911662
16746221
182107650
50735431
25772963
62848834
15693493
1027259762138927104
23482952
19596846
830063100430790656
58605798
11178352
71555146
61875868
19407261
26371689
16380111
13631542
5885732
13393052
15321506
71413402
139896348
26530440
17343124
17915692
11319582
51241574
19329393
222162171
76457056
20189287
29860364
78306928
24262253
72398123
42258863
23937508
16581795
177038853
34422599
1040976440
28838093
995100746096967685
1116752935
88436406
1490407766
19170906
23783692
56684394
338415656
14074515
575741641
138989602
215207998
39833805
796292533
388525327
707294682175373312
24799500
1355108821
385122699
14955722
759251
18552281
973237121438777347
616618277
15685201
1344951
29130013
974420602164531200
740597986846203904
126058113
2882474866
908933376
1872354602
44195699
25163124
17202273
31614413
14709795
17680119
15791186
44989787
5920532
9510832
870008482564632577
3004204189
8216772
68752979
19669694
180806291
109524559
69147333
255035531
19735514
523417755
27844479
171346034
14192558
16832435
12513472
335972576
380749300
144313658
6449282
308279348
509222973
15676413
936443616465219586
899564481147150337
17801805
49827148
31391307
14759354
31150483
63237253
115691020
19071694
10202
19273488
23480093
27554091
34376087
47030292
15143478
14589257
47730920
27029537
464979469
15636580
70176157
2729061
143837367
20325090
17011849
412783774
17967025
129858245
14980437
3234423846
582865559
35260767
38388599
1151464574
582813
243165626
150334831
19455767
22146985
260907901
20151776
9840392
3432957430
3314226727
18185124
84128934
41901420
415259418
18371803
9109712
26070005
31176167
77764733
2890961
306448096
789600333915889668
474589602
17977954
3988834719
15428715
26241294
822226004
23483622
28035990
297676832
3063454286
42793960
50414265
49573859
82490750
393469195
16037600
24875893
2319121626
306625287
21630311
2344085984
112217146
216768845
2406021914
16201775
17177835
2617270674
47600097
26511898
1460549084
4662969794
14420767
934040415132581889
833063585328791552
20648506
151559173
49499385
21511970
150784006
752897703688871936
993701736
582563196
9625592
1049014670508675079
1025082764041891842
14949454
116529042
24839853
19003121
299793051
9533632
330667787
379607941
234515531
1725137533
308066100
2639557826
15395753
780104972
421076709
16877121
26723927
15430305
7587032
36134224
18089606
27677483
57013560
765455989113917440
14209296
47820625
60727036
81415807
4855476923
46238565
16895274
15580384
161196404
46388083
15907183
819800
1026159115587018753
30109507
42937036
22657153
38032945
25915690
24216951
2762977990
253320133
177286976
236847101
12687952
10350
218697713
29349511
1007274266
223442374
23922185
16676396
17194090
24216003
2374176276
171614588
909749955836940288
31063024
58212435
3801141
34701524
1206116570
334565594
2360121187
23864985
2354116303
26122639
42712551
20580079
59789143
4363728916
69470865
18517442
17799191
3312024390
17365848
14747221
18949452
101156981
14647570
16817883
38456605
16311797
921225666682544128
14515734
33640265
20279424
2799014685
19041312
742143
28273857
225087273
43921895
1708510310
19468168
130684893
23743433
139493096
72753317
101056684
24789175
86330674
44914646
19673276
58044082
16583846
71519333
121489431
21771720
2370790308
21693811
88763317
388456067
43425975
51348744
14469246
339915081
834316544
17957392
112479899
14589696
10221
21822002
14700856
20963461
10228272
15428397
284860144
17000333
14870804
70461418
954848263538118656
17057271
99171667
478274376
18819574
14192680
9313022
340022996
1307834430
18360370
19503553
104019023
15345320
97722266
2416150094
443215941
20274404
831210713842597890
472385266
33610571
14788073
136544296
14249292
4587976482
424630622
794701024032215040
15332038
9695312
14079852
380485499
60349138
21952592
258460726
259365088
74554382
764347046
30256126
105219619
432204316
67039169
11274452
254612848
102577890
21157407
25522167
1046911091886968833
213459622
10984672
17525171
2403246320
15033883
15044502
94344901
35039490
7405662
36184220
842743444414107650
17663756
46392703
1075408783
105251590
46740920
1525879716
9907172
122533830
18161620
77927310
430497931
361674794
717789905145958400
121222585
489928354
24996956
23986955
601397256
72205151
377041376
1552268678
18071233
559175202
26422742
272474550
123691420
37000068
64307677
12144232
15441074
41761325
45921165
289754247
122467925
780327470075633664
54349118
19608297
123926189
312198098
18813844
10355872
15250808
2513779730
758004846
15781879
707951183923695617
29264626
11026952
21056862
113665929
397470880
27711685
69700898
17028405
7510172
42694976
273159953
10180652
832720691577417728
19327027
15916366
102956352
95302483
14238142
169291609
14882554
592730371
15186189
16896485
775104834
40245758
7315022
21686067
2646089352
22513919
17697220
14763734
11866582
513911297
12421062
41807438
2249069654
809626770
18391051
37106040
18139619
358019139
24067286
33468240
16624430
167187298
410332515
390110047
848361538868174852
47763868
17147132
42826418
74306074
2274779832
772652623
13708922
21329809
16664681
624413
21166551
11014272
299776059
428333
17156646
269062860
391280106
4833508759
83533688
15645871
15762946
6368902
20177423
4857134385
14813584
928872818
204774888
36724576
21682142
7978262
15291641
14985228
897619242
85985569
227294380
768629846
16273144
19374728
16877220
2384516308
14511951
18479513
50004938
6452362
3806553495
3421412548
17420951
26513255
309377022
17885166
140129994
4970411
74594552
244150035
629782370
55809761
2252433388
235770842
29199444
308556440
17842064
135575282
16302090
43113373
2172
2336040223
23798922
356866129
45564482
3497941
726922758
2387809351
187893930
149249831
117450420
19306636
12566322
2768501
423522626
24742040
411916540
68141374
44929255
7768622
2357175422
18993234
14348594
28772615
174491217
23342394
405792649
871891
194279192
25375962
239545533
1090895881
82252068
323020327
16393963
38601171
35558916
287286722
23314049
15146558
2436389418
61022809
40289510
14495726
48828197
688583
17695016
15518000
16953393
903407550
81182328
67163944
297903598
15529625
13339612
220845243
115710058
15935927
18510860
18279333
20054543
18194079
16145224
47270916
10880202
15533517
20097362
106450133
20452568
31067019
1040197380
22642056
3249128140
16194018
16537200
20245775
184647530
17636405
1630761
26787673
4889505434
719967609928736768
59872705
426208846
16723838
110402752
77902742
370476539
211277714
35231729
121164854
38095772
189689466
35716667
74028351
278057094
17872871
14328072
19055674
25613080
1118061079
770352762
56886358
347363150
2873304647
59239173
95431448
19816859
3450016032
847441993
996458391928299520
183356396
303872811
376929786
78719621
18548221
61322443
899654805898919937
22584388
36144455
34745516
327429543
22234483
17501946
16381764
18855334
14104847
465797451
14921141
390174061
20605217
6889982

